## 1.apr 2025
[[0, 0, 0, 1, 1, 0, 0, 0, 1],
 [0, 0, 0, 0, 0, 0, 0, 0, 0],
 [0, 0, 0, 0, 0, 0, 0, 0, 0],
 [0, 0, 0, 0, 0, 0, 0, 0, 0],
 [0, 0, 0, 0, 0, 0, 0, 0, 0],
 [0, 0, 0, 0, 0, 0, 0, 0, 1]]

[[ 3  3  3  1  1  6  6  9  1]
 [ 3  2  2  2  2  2  6  9  9]
 [ 3  4  4  4  4  7  6  6  9]
 [ 5  5  4  7  7  7  8  8  9]
 [ 5  5  5 10 11  7 11  8  8]
 [10 10 10 10 11 11 11  8  1]]

## 2.apr 2025

[[0, 0, 0, 1, 0, 1, 0, 0, 1],
 [0, 0, 0, 0, 0, 0, 0, 0, 0],
 [0, 0, 0, 0, 0, 0, 0, 0, 0],
 [0, 0, 0, 0, 0, 0, 0, 0, 0],
 [0, 0, 0, 0, 0, 0, 0, 0, 0],
 [0, 0, 0, 0, 0, 0, 0, 0, 1]],

[[ 3  3  3  1 11  1 11 10 10]
 [ 3  7  7  7 11 11 11  1 10]
 [ 3  9  7  2  2  2  2  2 10]
 [ 9  9  7  6  5  5  5  8 10]
 [ 9  6  6  6  4  5  5  8  8]
 [ 9  6  4  4  4  4  8  8  1]] 